project: GaussianBlur
editor: 
editorEnum: 2
autoReload: 0
bgColor: 0.080000 0.120000 1.000000 0.140000
appSize: -18 2542 -76 1364
shaderFlags: 2048
renderdocFlag: 0
