project: GaussianBlur
editor: 
editorEnum: 2
autoReload: 0
bgColor: 0.085015 0.124797 1.000000 0.144688
appSize: -9 2551 -38 1402
shaderFlags: 2048
renderdocFlag: 0
