project: NewProject
editor: 
editorEnum: 2
autoReload: 1
bgColor: 0.080000 0.120000 1.000000 0.140000
appSize: -99 2461 -418 1022
