project: Test
editor: 
editorEnum: 1
autoReload: 1
bgColor: 0.218173 0.122216 1.000000 0.232439
appSize: 2873 1549
