project: NewProject
editor: 
editorEnum: 1
autoReload: 0
bgColor: 0.305628 0.104957 1.000000 0.348979
appSize: 3818 2070
