project: NewProject
editor: 
editorEnum: 1
autoReload: 1
bgColor: 0.232351 0.111976 1.000000 0.236457
appSize: -45 2515 -190 1250
