project: NewProject
editor: 
editorEnum: 1
autoReload: 0
bgColor: 0.080000 0.120000 1.000000 0.140000
appSize: 1216 472
